
    STEP   DAMPING               NORMS              COMPUTATION TIMES
  IT SIT     GAMMA     ||d||     ||f||     ||U||   F(x)  DF(x)  SOLVE
   0                          3.91e-01  1.45e+00    0.0    0.0    0.0
   1   1  5.29e-01  4.30e-01  1.72e-01  1.42e+00    0.0    0.0    0.0
   2   1  1.00e+00  1.73e-01  4.45e-04  1.42e+00    0.0    0.0    0.0
   3   1  1.00e+00  4.49e-04  2.03e-08  1.42e+00    0.0    0.0    0.0
   4   1  1.00e+00  2.05e-08  5.55e-17  1.42e+00    0.0    0.0    0.0

 STEP      TIME        ||U||  LABEL  TYPE             r
    0  00:00:00   1.4213e+00      1  EP      1.0000e+00
   10  00:00:01   1.3316e+00      2          9.3584e-01
   20  00:00:01   1.2334e+00      3          8.6541e-01
   30  00:00:02   1.1359e+00      4          7.9509e-01
   40  00:00:02   1.0394e+00      5          7.2494e-01
   50  00:00:03   9.4452e-01      6          6.5507e-01
   60  00:00:03   8.5219e-01      7          5.8568e-01
   70  00:00:03   7.6439e-01      8          5.1717e-01
   80  00:00:04   6.8495e-01      9          4.5040e-01
   90  00:00:04   6.2167e-01     10          3.8738e-01
  100  00:00:05   5.8905e-01     11          3.3292e-01
  110  00:00:06   6.0395e-01     12          2.9577e-01
  120  00:00:06   6.6463e-01     13          2.8240e-01
  121  00:00:07   6.7209e-01     14  FP      2.8231e-01
  121  00:00:07   6.7209e-01     15  SN      2.8231e-01
  130  00:00:08   7.5057e-01     16          2.8958e-01
  140  00:00:08   8.4626e-01     17          3.1065e-01
  150  00:00:08   9.4506e-01     18          3.4088e-01
  160  00:00:09   1.0445e+00     19          3.7744e-01
  170  00:00:09   1.1438e+00     20          4.1863e-01
  180  00:00:10   1.2425e+00     21          4.6333e-01
  190  00:00:10   1.3408e+00     22          5.1081e-01
  200  00:00:11   1.4385e+00     23          5.6053e-01
  210  00:00:11   1.5357e+00     24          6.1211e-01
  220  00:00:12   1.6326e+00     25          6.6525e-01
  230  00:00:12   1.7292e+00     26          7.1972e-01
  240  00:00:13   1.8255e+00     27          7.7534e-01
  250  00:00:14   1.9215e+00     28          8.3196e-01
  260  00:00:14   2.0175e+00     29          8.8947e-01
  270  00:00:15   2.1132e+00     30          9.4775e-01
  279  00:00:15   2.1980e+00     31  EP      1.0000e+00
