
    STEP   DAMPING               NORMS              COMPUTATION TIMES
  IT SIT     GAMMA     ||d||     ||f||     ||U||   F(x)  DF(x)  SOLVE
   0                          1.18e-01  6.00e+00    0.0    0.0    0.0
   1   1  1.00e+00  1.18e-01  3.83e-04  6.00e+00    0.0    0.0    0.0
   2   1  1.00e+00  3.93e-04  3.70e-08  6.00e+00    0.0    0.0    0.0
   3   1  1.00e+00  3.74e-08  1.39e-17  6.00e+00    0.0    0.0    0.0

 STEP      TIME        ||U||  LABEL  TYPE             r
    0  00:00:00   6.0010e+00      1  EP      4.0000e+00
   10  00:00:01   5.9071e+00      2          3.9294e+00
   20  00:00:01   5.8133e+00      3          3.8588e+00
   30  00:00:02   5.7198e+00      4          3.7882e+00
   40  00:00:03   5.6264e+00      5          3.7177e+00
   50  00:00:04   5.5333e+00      6          3.6471e+00
   60  00:00:04   5.4404e+00      7          3.5766e+00
   70  00:00:05   5.3477e+00      8          3.5061e+00
   80  00:00:05   5.2552e+00      9          3.4356e+00
   90  00:00:06   5.1629e+00     10          3.3651e+00
  100  00:00:06   5.0708e+00     11          3.2947e+00
  110  00:00:06   4.9788e+00     12          3.2243e+00
  120  00:00:07   4.8870e+00     13          3.1539e+00
  130  00:00:08   4.7952e+00     14          3.0836e+00
  140  00:00:09   4.7035e+00     15          3.0135e+00
  150  00:00:09   4.6118e+00     16          2.9434e+00
  160  00:00:10   4.5199e+00     17          2.8735e+00
  170  00:00:11   4.4279e+00     18          2.8038e+00
  180  00:00:11   4.3356e+00     19          2.7345e+00
  190  00:00:12   4.2429e+00     20          2.6657e+00
  200  00:00:13   4.1500e+00     21          2.5976e+00
  210  00:00:14   4.0567e+00     22          2.5305e+00
  220  00:00:15   3.9633e+00     23          2.4649e+00
  230  00:00:15   3.8703e+00     24          2.4013e+00
  240  00:00:16   3.7783e+00     25          2.3405e+00
  250  00:00:17   3.6883e+00     26          2.2832e+00
  260  00:00:17   3.6015e+00     27          2.2302e+00
  270  00:00:17   3.5195e+00     28          2.1824e+00
  280  00:00:18   3.4436e+00     29          2.1401e+00
  290  00:00:19   3.3751e+00     30          2.1035e+00
  300  00:00:19   3.3149e+00     31          2.0727e+00
  310  00:00:20   3.2639e+00     32          2.0476e+00
  320  00:00:21   3.2228e+00     33          2.0279e+00
  330  00:00:22   3.1921e+00     34          2.0136e+00
  340  00:00:23   3.1720e+00     35          2.0044e+00
  350  00:00:24   3.1629e+00     36          2.0003e+00
  354  00:00:25   3.1623e+00     37  BP      2.0000e+00
  354  00:00:26   3.1623e+00     38  FP      2.0000e+00
  360  00:00:26   3.1648e+00     39          2.0011e+00
  370  00:00:27   3.1777e+00     40          2.0070e+00
  380  00:00:28   3.2016e+00     41          2.0180e+00
  390  00:00:29   3.2360e+00     42          2.0342e+00
  400  00:00:30   3.2806e+00     43          2.0557e+00
  410  00:00:30   3.3348e+00     44          2.0828e+00
  420  00:00:31   3.3980e+00     45          2.1155e+00
  430  00:00:32   3.4692e+00     46          2.1541e+00
  440  00:00:33   3.5474e+00     47          2.1984e+00
  450  00:00:34   3.6312e+00     48          2.2481e+00
  460  00:00:35   3.7192e+00     49          2.3026e+00
  470  00:00:36   3.8101e+00     50          2.3612e+00
  480  00:00:37   3.9025e+00     51          2.4231e+00
  490  00:00:37   3.9957e+00     52          2.4875e+00
  500  00:00:38   4.0891e+00     53          2.5537e+00
  510  00:00:39   4.1823e+00     54          2.6212e+00
  520  00:00:41   4.2751e+00     55          2.6895e+00
  530  00:00:42   4.3676e+00     56          2.7586e+00
  540  00:00:43   4.4599e+00     57          2.8280e+00
  550  00:00:44   4.5518e+00     58          2.8977e+00
  560  00:00:44   4.6436e+00     59          2.9677e+00
  570  00:00:45   4.7354e+00     60          3.0378e+00
  580  00:00:46   4.8271e+00     61          3.1080e+00
  590  00:00:47   4.9189e+00     62          3.1783e+00
  600  00:00:48   5.0107e+00     63          3.2487e+00
  610  00:00:49   5.1028e+00     64          3.3191e+00
  620  00:00:50   5.1949e+00     65          3.3896e+00
  630  00:00:50   5.2873e+00     66          3.4600e+00
  640  00:00:52   5.3798e+00     67          3.5305e+00
  650  00:00:52   5.4726e+00     68          3.6011e+00
  660  00:00:54   5.5656e+00     69          3.6716e+00
  670  00:00:55   5.6588e+00     70          3.7422e+00
  680  00:00:56   5.7522e+00     71          3.8127e+00
  690  00:00:57   5.8458e+00     72          3.8833e+00
  700  00:00:58   5.9397e+00     73          3.9539e+00
  710  00:00:59   6.0337e+00     74          4.0245e+00
  720  00:01:00   6.1279e+00     75          4.0951e+00
  730  00:01:01   6.2223e+00     76          4.1658e+00
  740  00:01:02   6.3169e+00     77          4.2364e+00
  750  00:01:03   6.4117e+00     78          4.3070e+00
  760  00:01:04   6.5066e+00     79          4.3777e+00
  770  00:01:06   6.6017e+00     80          4.4483e+00
  780  00:01:08   6.6969e+00     81          4.5190e+00
  790  00:01:09   6.7923e+00     82          4.5896e+00
  800  00:01:09   6.8878e+00     83          4.6603e+00
  810  00:01:11   6.9835e+00     84          4.7310e+00
  820  00:01:13   7.0793e+00     85          4.8016e+00
  830  00:01:16   7.1752e+00     86          4.8723e+00
  840  00:01:17   7.2712e+00     87          4.9430e+00
  849  00:01:19   7.3487e+00     88  EP      5.0000e+00

 STEP      TIME        ||U||  LABEL  TYPE             r
    0  00:01:21   6.0010e+00     89  EP      4.0000e+00
   10  00:01:23   6.0952e+00     90          4.0706e+00
   20  00:01:26   6.1895e+00     91          4.1412e+00
   30  00:01:27   6.2841e+00     92          4.2119e+00
   40  00:01:29   6.3788e+00     93          4.2825e+00
   50  00:01:29   6.4736e+00     94          4.3531e+00
   60  00:01:30   6.5687e+00     95          4.4238e+00
   70  00:01:31   6.6638e+00     96          4.4944e+00
   80  00:01:32   6.7592e+00     97          4.5651e+00
   90  00:01:33   6.8546e+00     98          4.6357e+00
  100  00:01:34   6.9503e+00     99          4.7064e+00
  110  00:01:35   7.0460e+00    100          4.7771e+00
  120  00:01:35   7.1418e+00    101          4.8478e+00
  130  00:01:37   7.2378e+00    102          4.9184e+00
  140  00:01:38   7.3339e+00    103          4.9891e+00
  142  00:01:39   7.3487e+00    104  EP      5.0000e+00
