
    STEP   DAMPING               NORMS              COMPUTATION TIMES
  IT SIT     GAMMA     ||d||     ||f||     ||U||   F(x)  DF(x)  SOLVE
   0                          1.00e+00  1.41e+00    0.0    0.0    0.0
   1   1  2.41e-01  1.41e+00  7.59e-01  1.07e+00    0.1    0.0    0.0
   2   1  2.64e-01  1.07e+00  5.58e-01  7.90e-01    0.1    0.0    0.0
   3   1  2.97e-01  7.90e-01  3.92e-01  5.55e-01    0.1    0.1    0.0
   4   1  3.51e-01  5.55e-01  2.55e-01  3.60e-01    0.1    0.1    0.0
   5   1  4.48e-01  3.60e-01  1.40e-01  1.99e-01    0.1    0.1    0.1
   6   1  6.74e-01  1.99e-01  4.58e-02  6.47e-02    0.1    0.1    0.1
   7   1  1.00e+00  6.47e-02  8.66e-12  1.23e-11    0.1    0.1    0.1
   8   1  1.00e+00  1.23e-11  0.00e+00  0.00e+00    0.1    0.1    0.1

 STEP      TIME        ||U||  LABEL  TYPE             r
    0  00:00:02   0.0000e+00      1  EP      0.0000e+00
    1  00:00:03   2.7019e-08      2  FP     -7.3103e-16
    0  00:00:03   5.0125e-02      3  SN     -2.5000e-03
   10  00:00:04   4.1258e-01      4         -1.3420e-01
   20  00:00:05   3.1623e+00      5  EP     -2.0000e+00

 STEP      TIME        ||U||  LABEL  TYPE             r
    0  00:00:05   0.0000e+00      6  EP      0.0000e+00
   10  00:00:06   4.1258e-01      7         -1.3420e-01
   20  00:00:06   3.1623e+00      8  EP     -2.0000e+00
