
    STEP   DAMPING               NORMS              COMPUTATION TIMES
  IT SIT     GAMMA     ||d||     ||f||     ||U||   F(x)  DF(x)  SOLVE
   0                          0.00e+00  8.00e-01    0.0    0.0    0.0

 STEP      TIME        ||U||  LABEL  TYPE             h
    0  00:00:01   8.0000e-01      1  EP      0.0000e+00
   10  00:00:02   8.0623e-01      2         -5.2939e-02
   20  00:00:02   8.2462e-01      3         -1.0562e-01
   30  00:00:03   8.5440e-01      4         -1.5775e-01
   40  00:00:03   8.9441e-01      5         -2.0902e-01
   50  00:00:04   9.4333e-01      6         -2.5900e-01
   60  00:00:04   9.9978e-01      7         -3.0716e-01
   70  00:00:05   1.0624e+00      8         -3.5270e-01
   80  00:00:05   1.1299e+00      9         -3.9450e-01
   90  00:00:05   1.2008e+00     10         -4.3079e-01
  100  00:00:06   1.2730e+00     11         -4.5888e-01
  110  00:00:07   1.3436e+00     12         -4.7490e-01
  115  00:00:08   1.3766e+00     13  SN     -4.7703e-01
  115  00:00:08   1.3766e+00     14  FP     -4.7703e-01
  120  00:00:08   1.4084e+00     15         -4.7471e-01
  130  00:00:08   1.4634e+00     16         -4.5667e-01
  140  00:00:09   1.5079e+00     17         -4.2336e-01
  150  00:00:09   1.5444e+00     18         -3.7924e-01
  160  00:00:10   1.5761e+00     19         -3.2806e-01
  170  00:00:11   1.6055e+00     20         -2.7227e-01
  180  00:00:11   1.6345e+00     21         -2.1339e-01
  190  00:00:12   1.6643e+00     22         -1.5232e-01
  200  00:00:12   1.6957e+00     23         -8.9678e-02
  210  00:00:12   1.7294e+00     24         -2.5846e-02
  220  00:00:13   1.7656e+00     25          3.8904e-02
  230  00:00:13   1.8045e+00     26          1.0438e-01
  240  00:00:14   1.8463e+00     27          1.7044e-01
  250  00:00:15   1.8909e+00     28          2.3698e-01
  260  00:00:15   1.9383e+00     29          3.0392e-01
  270  00:00:16   1.9886e+00     30          3.7119e-01
  280  00:00:16   2.0415e+00     31          4.3876e-01
  290  00:00:17   2.0969e+00     32          5.0657e-01
  300  00:00:18   2.1548e+00     33          5.7460e-01
  310  00:00:18   2.2150e+00     34          6.4281e-01
  320  00:00:19   2.2774e+00     35          7.1119e-01
  330  00:00:19   2.3418e+00     36          7.7973e-01
  340  00:00:20   2.4082e+00     37          8.4839e-01
  350  00:00:21   2.4763e+00     38          9.1717e-01
  360  00:00:21   2.5461e+00     39          9.8606e-01
  370  00:00:22   2.6176e+00     40          1.0550e+00
  380  00:00:23   2.6905e+00     41          1.1241e+00
  390  00:00:23   2.7647e+00     42          1.1933e+00
  400  00:00:24   2.8403e+00     43          1.2625e+00
  410  00:00:25   2.9171e+00     44          1.3318e+00
  420  00:00:25   2.9949e+00     45          1.4011e+00
  430  00:00:26   3.0739e+00     46          1.4706e+00
  440  00:00:27   3.1538e+00     47          1.5400e+00
  450  00:00:27   3.2346e+00     48          1.6096e+00
  460  00:00:28   3.3163e+00     49          1.6791e+00
  470  00:00:29   3.3988e+00     50          1.7487e+00
  480  00:00:29   3.4820e+00     51          1.8184e+00
  490  00:00:30   3.5660e+00     52          1.8881e+00
  500  00:00:31   3.6506e+00     53          1.9578e+00
  507  00:00:31   3.7021e+00     54  EP      2.0000e+00

 STEP      TIME        ||U||  LABEL  TYPE             h
    0  00:00:32   8.0000e-01     55  EP      0.0000e+00
   10  00:00:33   8.0623e-01     56          5.2939e-02
   20  00:00:33   8.2462e-01     57          1.0562e-01
   30  00:00:34   8.5440e-01     58          1.5775e-01
   40  00:00:35   8.9441e-01     59          2.0902e-01
   50  00:00:36   9.4333e-01     60          2.5900e-01
   60  00:00:37   9.9978e-01     61          3.0716e-01
   70  00:00:37   1.0624e+00     62          3.5270e-01
   80  00:00:38   1.1299e+00     63          3.9450e-01
   90  00:00:39   1.2008e+00     64          4.3079e-01
  100  00:00:40   1.2730e+00     65          4.5888e-01
  110  00:00:40   1.3436e+00     66          4.7490e-01
  115  00:00:41   1.3766e+00     67  SN      4.7703e-01
  115  00:00:42   1.3766e+00     68  FP      4.7703e-01
  120  00:00:42   1.4084e+00     69          4.7471e-01
  130  00:00:43   1.4634e+00     70          4.5667e-01
  140  00:00:44   1.5079e+00     71          4.2336e-01
  150  00:00:44   1.5444e+00     72          3.7924e-01
  160  00:00:45   1.5761e+00     73          3.2806e-01
  170  00:00:46   1.6055e+00     74          2.7227e-01
  180  00:00:47   1.6345e+00     75          2.1339e-01
  190  00:00:47   1.6643e+00     76          1.5232e-01
  200  00:00:48   1.6957e+00     77          8.9678e-02
  210  00:00:49   1.7294e+00     78          2.5846e-02
  220  00:00:50   1.7656e+00     79         -3.8904e-02
  230  00:00:50   1.8045e+00     80         -1.0438e-01
  240  00:00:51   1.8463e+00     81         -1.7044e-01
  250  00:00:52   1.8909e+00     82         -2.3698e-01
  260  00:00:53   1.9383e+00     83         -3.0392e-01
  270  00:00:54   1.9886e+00     84         -3.7119e-01
  280  00:00:54   2.0415e+00     85         -4.3876e-01
  290  00:00:55   2.0969e+00     86         -5.0657e-01
  300  00:00:56   2.1548e+00     87         -5.7460e-01
  310  00:00:57   2.2150e+00     88         -6.4281e-01
  320  00:00:58   2.2774e+00     89         -7.1119e-01
  330  00:00:58   2.3418e+00     90         -7.7973e-01
  340  00:00:59   2.4082e+00     91         -8.4839e-01
  350  00:01:00   2.4763e+00     92         -9.1717e-01
  360  00:01:00   2.5461e+00     93         -9.8606e-01
  370  00:01:01   2.6176e+00     94         -1.0550e+00
  380  00:01:02   2.6905e+00     95         -1.1241e+00
  390  00:01:03   2.7647e+00     96         -1.1933e+00
  400  00:01:03   2.8403e+00     97         -1.2625e+00
  410  00:01:04   2.9171e+00     98         -1.3318e+00
  420  00:01:05   2.9949e+00     99         -1.4011e+00
  430  00:01:06   3.0739e+00    100         -1.4706e+00
  440  00:01:07   3.1538e+00    101         -1.5400e+00
  450  00:01:08   3.2346e+00    102         -1.6096e+00
  460  00:01:09   3.3163e+00    103         -1.6791e+00
  470  00:01:10   3.3988e+00    104         -1.7487e+00
  480  00:01:11   3.4820e+00    105         -1.8184e+00
  490  00:01:12   3.5660e+00    106         -1.8881e+00
  500  00:01:13   3.6506e+00    107         -1.9578e+00
  507  00:01:14   3.7021e+00    108  EP     -2.0000e+00
